2458374.765662     18.543968      0.038333    0.00103448      0.465936     18.078032 
2458370.738109     18.273262      0.033294    0.01238416      0.462450     17.810812 
2458364.760108     18.123932      0.030956    0.01667048      0.459617     17.664315 
2458350.855080     17.756523      0.026292    0.02912409      0.446848     17.309675 
2458311.864827     17.733784      0.026047    0.03176395      0.443309     17.290475 
2458211.011690     17.465889      0.023483    0.05128916      0.409000     17.056889 
2458360.866408     17.448471      0.023335    0.05791033      0.394483     17.053988 
2458258.971479     17.435850      0.023229    0.06172715      0.385550     17.050300 
2458254.942577     17.442394      0.023284    0.06269306      0.383228     17.059166 
2458383.742590     17.435680      0.023228    0.07098470      0.362378     17.073302 
2458336.824030     17.435627      0.023228    0.07193769      0.359884     17.075743 
2458295.884940     17.463337      0.023462    0.07991078      0.338345     17.124992 
2458283.928920     17.427032      0.023156    0.08834318      0.314474     17.112559 
2458326.949058     17.440477      0.023268    0.09229378      0.302994     17.137483 
2458277.950878     17.434195      0.023216    0.09230889      0.302950     17.131244 
2458300.958178     17.446796      0.023321    0.11422757      0.237533     17.209264 
2458289.911302     17.423096      0.023124    0.11776432      0.226920     17.196175 
2458267.946872     17.481480      0.023618    0.11985720      0.220658     17.260821 
2458261.968691     17.439669      0.023261    0.12276348      0.211993     17.227676 
2458400.645337     17.433956      0.023214    0.12347272      0.209885     17.224072 
2458337.870985     17.408730      0.023006    0.12737889      0.198328     17.210402 
2458315.906426     17.443272      0.023292    0.12848576      0.195072     17.248199 
2458329.943397     17.443354      0.023292    0.13122395      0.187059     17.256294 
2458377.772740     17.434868      0.023221    0.13798675      0.167563     17.267304 
2458378.814311     17.411152      0.023025    0.15199967      0.128899     17.282253 
2458346.842847     17.415333      0.023060    0.15834636      0.112340     17.302993 
2458244.947738     17.421907      0.023114    0.16077560      0.106182     17.315725 
2458297.975084     17.430618      0.023186    0.16181881      0.103570     17.327048 
2458436.652036     17.428639      0.023169    0.16488477      0.096008     17.332630 
2458433.664240     17.377979      0.022758    0.17629050      0.069483     17.308496 
2458286.930378     17.450468      0.023352    0.18205076      0.057119     17.393349 
2458351.915658     17.437666      0.023245    0.18938177      0.042458     17.395208 
2458230.005817     17.381390      0.022785    0.19520361      0.031709     17.349681 
2458472.659418     17.376421      0.022745    0.21154653      0.005996     17.370425 
2458322.937577     17.417240      0.023075    0.22730338     -0.012255     17.429495 
2458232.999280     17.418495      0.023086    0.22739681     -0.012343     17.430838 
2458293.956888     17.415668      0.023062    0.24515854     -0.024880     17.440548 
2458385.844966     17.389069      0.022846    0.24700665     -0.025692     17.414760 
2458270.952748     17.417290      0.023076    0.24756034     -0.025917     17.443207 
2458332.949177     17.382864      0.022797    0.25818552     -0.028624     17.411488 
2458210.000756     17.424549      0.023136    0.27300226     -0.027319     17.451868 
2458386.630768     17.373199      0.022720    0.29309310     -0.016375     17.389575 
2458314.888290     17.407082      0.022992    0.29477617     -0.014997     17.422079 
2458318.917405     17.408817      0.023006    0.29544906     -0.014427     17.423244 
2458367.787666     17.375822      0.022740    0.31119633      0.001987     17.373835 
2458292.926405     17.385647      0.022819    0.31645564      0.008721     17.376925 
2458373.770025     17.364490      0.022651    0.34044204      0.046496     17.317994 
2458208.970332     17.325945      0.022352    0.34475490      0.054376     17.271569 
2458228.987553     17.378826      0.022764    0.36051400      0.085423     17.293403 
2458317.886411     17.372870      0.022717    0.36281004      0.090199     17.282670 
2458390.668944     17.351280      0.022547    0.36348187      0.091607     17.259673 
2458441.746679     17.387966      0.022837    0.36389186      0.092468     17.295498 
2458310.869097     17.379335      0.022768    0.37045402      0.106463     17.272873 
2458382.742216     17.357115      0.022593    0.37394544      0.114049     17.243065 
2458282.926679     17.363649      0.022644    0.37693287      0.120604     17.243046 
2458437.719785     17.346930      0.022513    0.38031701      0.128087     17.218843 
2458296.965738     17.341738      0.022473    0.39574184      0.268981     17.072757 
2458431.613456     17.362410      0.022634    0.39722450      0.273347     17.089062 
2458273.964240     17.351522      0.022549    0.41846764      0.334441     17.017081 
2458366.762971     17.356201      0.022586    0.42703015      0.357566     16.998636 
2458313.868034     17.335468      0.022425    0.44476569      0.400646     16.934822 
2458272.927981     17.344658      0.022496    0.44532104      0.401865     16.942793 
2458343.891486     17.337490      0.022441    0.45009409      0.411959     16.925531 
2458236.927555     17.284859      0.022044    0.45217742      0.416143     16.868716 
2458426.682704     17.308338      0.022219    0.45921483      0.429204     16.879134 
2458279.949400     17.358684      0.022605    0.46926381      0.444735     16.913950 
2458325.958614     17.342653      0.022480    0.47165522      0.447849     16.894804 
2458349.873878     17.390861      0.022861    0.47959741      0.456491     16.934370 
2458435.654272     17.408665      0.023005    0.48792439      0.462622     16.946042 
2458302.956544     17.422569      0.023119    0.48997792      0.463659     16.958911 
2458321.932164     17.425465      0.023143    0.49149707      0.464303     16.961162 
2458263.968771     17.428476      0.023168    0.51170099      0.462826     16.965651 
2458269.947533     17.460669      0.023439    0.51326920      0.461933     16.998736 
2458299.973347     17.340881      0.022467    0.53678017      0.435853     16.905028 
2458425.653396     17.341629      0.022472    0.53955414      0.431311     16.910318 
2458389.652559     17.317696      0.022289    0.54324343      0.424836     16.892860 
2458429.683671     17.333845      0.022412    0.54914552      0.413502     16.920343 
2458362.749902     17.346302      0.022509    0.54982385      0.412127     16.934175 
2458305.954726     17.329857      0.022382    0.55848320      0.393342     16.936515 
2458247.990235     17.337814      0.022443    0.57024471      0.364651     16.973163 
2458266.967700     17.347683      0.022519    0.58595022      0.322084     17.025599 
2458334.813524     17.371960      0.022710    0.60277337      0.273354     17.098606 
2458291.924118     17.349533      0.022534    0.60469597      0.267690     17.081843 
2458288.935208     17.374186      0.022727    0.60753839      0.259308     17.114878 
2458434.630189     17.329151      0.022376    0.60846424      0.256576     17.072575 
2458278.931011     17.364189      0.022648    0.63361846      0.097733     17.266456 
2458255.927150     17.360828      0.022622    0.63816249      0.088169     17.272659 
2458387.718498     17.376623      0.022747    0.66226813      0.041699     17.334924 
2458372.773554     17.371153      0.022703    0.67343091      0.023306     17.347847 
2458361.726673     17.393059      0.022878    0.67693121      0.018023     17.375036 
2458352.889277     17.375843      0.022741    0.68056490      0.012800     17.363043 
2458287.904991     17.391289      0.022864    0.68087876      0.012361     17.378927 
2458363.807425     17.372751      0.022716    0.68657467      0.004768     17.367984 
2458348.861726     17.407335      0.022994    0.69193093     -0.001729     17.409064 
2458275.949323     17.394129      0.022887    0.69202201     -0.001833     17.395962 
2458388.633938     17.370459      0.022698    0.70581150     -0.015486     17.385945 
2458212.007427     17.447880      0.023330    0.71265400     -0.020554     17.468434 
2458246.969819     17.400478      0.022938    0.71899329     -0.024198     17.424676 
2458281.933940     17.402966      0.022959    0.73863861     -0.028839     17.431805 
2458369.793070     17.395197      0.022896    0.74110392     -0.028696     17.423892 
2458230.989254     17.428337      0.023167    0.76192920     -0.020904     17.449241 
2458235.929576     17.430290      0.023183    0.77356723     -0.011419     17.441709 
2458242.948346     17.389461      0.022849    0.77712607     -0.007790     17.397251 
2458324.958609     17.388157      0.022839    0.77745135     -0.007441     17.395598 
2458327.949467     17.480606      0.023610    0.78960443      0.007585     17.473021 
2458301.825769     17.405670      0.022981    0.78961064      0.007594     17.398076 
2458312.873845     17.398930      0.022926    0.79530763      0.015960     17.382969 
2458338.868863     17.412233      0.023034    0.80521888      0.032461     17.379772 
2458428.679341     17.409767      0.023014    0.82166610      0.065015     17.344752 
2458380.851280     17.411354      0.023027    0.82477254      0.071843     17.339511 
2458304.949931     17.437218      0.023241    0.82742373      0.077832     17.359386 
2458316.907513     17.444214      0.023300    0.83101082      0.086163     17.358051 
2458430.630306     17.439875      0.023263    0.83271229      0.090205     17.349670 
2458262.971949     17.419746      0.023096    0.84198918      0.113199     17.306548 
2458298.975622     17.484810      0.023647    0.86012092      0.162195     17.322615 
2458330.947994     17.398308      0.022921    0.86075867      0.163999     17.234308 
2458368.770924     17.410221      0.023018    0.87654414      0.209935     17.200286 
2458384.757373     17.441196      0.023274    0.87888715      0.216909     17.224287 
2458371.761665     17.433155      0.023207    0.88779375      0.243608     17.189547 
2458342.909468     17.449726      0.023346    0.89429043      0.263136     17.186590 
2458379.821135     17.434208      0.023216    0.89866944      0.276251     17.157957 
2458307.948586     17.443222      0.023291    0.89956402      0.278921     17.164301 
2458319.906511     17.447475      0.023327    0.90578812      0.297368     17.150108 
2458344.861037     17.443222      0.023291    0.90998007      0.309621     17.133601 
2458323.936113     17.435675      0.023228    0.91020640      0.310278     17.125397 
2458347.850603     17.433819      0.023213    0.91218461      0.315994     17.117824 
2458290.925407     17.414234      0.023051    0.92045394      0.339354     17.074880 
2458276.889130     17.411831      0.023031    0.92305427      0.346488     17.065343 
2458469.633139     17.450954      0.023356    0.92686331      0.356721     17.094234 
2458294.956466     17.421269      0.023108    0.93607542      0.380234     17.041035 
2458268.964460     17.425369      0.023142    0.94934731      0.410325     17.015044 
2458303.926373     17.443047      0.023290    0.95200032      0.415711     17.027335 
2458482.633957     17.500549      0.023784    0.95727115      0.425716     17.074833 
2458274.944211     17.403126      0.022960    0.95852818      0.427959     16.975166 
2458237.904202     17.439751      0.023262    0.96666157      0.441066     16.998685 
2458365.793658     17.611393      0.024806    0.96897739      0.444331     17.167062 
2458375.802374     17.816681      0.026962    0.97766789      0.454633     17.362047 
2458320.956128     17.905842      0.028019    0.98171121      0.458335     17.447506 
2458280.928156     18.481853      0.037077    0.99997621      0.465961     18.015893 
 2458374.765662     18.543968      0.038333       1.00103      0.465936     18.078032 
 2458370.738109     18.273262      0.033294       1.01238      0.462450     17.810812 
 2458364.760108     18.123932      0.030956       1.01667      0.459617     17.664315 
 2458350.855080     17.756523      0.026292       1.02912      0.446848     17.309675 
 2458311.864827     17.733784      0.026047       1.03176      0.443309     17.290475 
 2458211.011690     17.465889      0.023483       1.05129      0.409000     17.056889 
 2458360.866408     17.448471      0.023335       1.05791      0.394483     17.053988 
 2458258.971479     17.435850      0.023229       1.06173      0.385550     17.050300 
 2458254.942577     17.442394      0.023284       1.06269      0.383228     17.059166 
 2458383.742590     17.435680      0.023228       1.07098      0.362378     17.073302 
 2458336.824030     17.435627      0.023228       1.07194      0.359884     17.075743 
 2458295.884940     17.463337      0.023462       1.07991      0.338345     17.124992 
 2458283.928920     17.427032      0.023156       1.08834      0.314474     17.112559 
 2458326.949058     17.440477      0.023268       1.09229      0.302994     17.137483 
 2458277.950878     17.434195      0.023216       1.09231      0.302950     17.131244 
 2458300.958178     17.446796      0.023321       1.11423      0.237533     17.209264 
 2458289.911302     17.423096      0.023124       1.11776      0.226920     17.196175 
 2458267.946872     17.481480      0.023618       1.11986      0.220658     17.260821 
 2458261.968691     17.439669      0.023261       1.12276      0.211993     17.227676 
 2458400.645337     17.433956      0.023214       1.12347      0.209885     17.224072 
 2458337.870985     17.408730      0.023006       1.12738      0.198328     17.210402 
 2458315.906426     17.443272      0.023292       1.12849      0.195072     17.248199 
 2458329.943397     17.443354      0.023292       1.13122      0.187059     17.256294 
 2458377.772740     17.434868      0.023221       1.13799      0.167563     17.267304 
 2458378.814311     17.411152      0.023025         1.152      0.128899     17.282253 
 2458346.842847     17.415333      0.023060       1.15835      0.112340     17.302993 
 2458244.947738     17.421907      0.023114       1.16078      0.106182     17.315725 
 2458297.975084     17.430618      0.023186       1.16182      0.103570     17.327048 
 2458436.652036     17.428639      0.023169       1.16488      0.096008     17.332630 
 2458433.664240     17.377979      0.022758       1.17629      0.069483     17.308496 
 2458286.930378     17.450468      0.023352       1.18205      0.057119     17.393349 
 2458351.915658     17.437666      0.023245       1.18938      0.042458     17.395208 
 2458230.005817     17.381390      0.022785        1.1952      0.031709     17.349681 
 2458472.659418     17.376421      0.022745       1.21155      0.005996     17.370425 
 2458322.937577     17.417240      0.023075        1.2273     -0.012255     17.429495 
 2458232.999280     17.418495      0.023086        1.2274     -0.012343     17.430838 
 2458293.956888     17.415668      0.023062       1.24516     -0.024880     17.440548 
 2458385.844966     17.389069      0.022846       1.24701     -0.025692     17.414760 
 2458270.952748     17.417290      0.023076       1.24756     -0.025917     17.443207 
 2458332.949177     17.382864      0.022797       1.25819     -0.028624     17.411488 
 2458210.000756     17.424549      0.023136         1.273     -0.027319     17.451868 
 2458386.630768     17.373199      0.022720       1.29309     -0.016375     17.389575 
 2458314.888290     17.407082      0.022992       1.29478     -0.014997     17.422079 
 2458318.917405     17.408817      0.023006       1.29545     -0.014427     17.423244 
 2458367.787666     17.375822      0.022740        1.3112      0.001987     17.373835 
 2458292.926405     17.385647      0.022819       1.31646      0.008721     17.376925 
 2458373.770025     17.364490      0.022651       1.34044      0.046496     17.317994 
 2458208.970332     17.325945      0.022352       1.34475      0.054376     17.271569 
 2458228.987553     17.378826      0.022764       1.36051      0.085423     17.293403 
 2458317.886411     17.372870      0.022717       1.36281      0.090199     17.282670 
 2458390.668944     17.351280      0.022547       1.36348      0.091607     17.259673 
 2458441.746679     17.387966      0.022837       1.36389      0.092468     17.295498 
 2458310.869097     17.379335      0.022768       1.37045      0.106463     17.272873 
 2458382.742216     17.357115      0.022593       1.37395      0.114049     17.243065 
 2458282.926679     17.363649      0.022644       1.37693      0.120604     17.243046 
 2458437.719785     17.346930      0.022513       1.38032      0.128087     17.218843 
 2458296.965738     17.341738      0.022473       1.39574      0.268981     17.072757 
 2458431.613456     17.362410      0.022634       1.39722      0.273347     17.089062 
 2458273.964240     17.351522      0.022549       1.41847      0.334441     17.017081 
 2458366.762971     17.356201      0.022586       1.42703      0.357566     16.998636 
 2458313.868034     17.335468      0.022425       1.44477      0.400646     16.934822 
 2458272.927981     17.344658      0.022496       1.44532      0.401865     16.942793 
 2458343.891486     17.337490      0.022441       1.45009      0.411959     16.925531 
 2458236.927555     17.284859      0.022044       1.45218      0.416143     16.868716 
 2458426.682704     17.308338      0.022219       1.45921      0.429204     16.879134 
 2458279.949400     17.358684      0.022605       1.46926      0.444735     16.913950 
 2458325.958614     17.342653      0.022480       1.47166      0.447849     16.894804 
 2458349.873878     17.390861      0.022861        1.4796      0.456491     16.934370 
 2458435.654272     17.408665      0.023005       1.48792      0.462622     16.946042 
 2458302.956544     17.422569      0.023119       1.48998      0.463659     16.958911 
 2458321.932164     17.425465      0.023143        1.4915      0.464303     16.961162 
 2458263.968771     17.428476      0.023168        1.5117      0.462826     16.965651 
 2458269.947533     17.460669      0.023439       1.51327      0.461933     16.998736 
 2458299.973347     17.340881      0.022467       1.53678      0.435853     16.905028 
 2458425.653396     17.341629      0.022472       1.53955      0.431311     16.910318 
 2458389.652559     17.317696      0.022289       1.54324      0.424836     16.892860 
 2458429.683671     17.333845      0.022412       1.54915      0.413502     16.920343 
 2458362.749902     17.346302      0.022509       1.54982      0.412127     16.934175 
 2458305.954726     17.329857      0.022382       1.55848      0.393342     16.936515 
 2458247.990235     17.337814      0.022443       1.57024      0.364651     16.973163 
 2458266.967700     17.347683      0.022519       1.58595      0.322084     17.025599 
 2458334.813524     17.371960      0.022710       1.60277      0.273354     17.098606 
 2458291.924118     17.349533      0.022534        1.6047      0.267690     17.081843 
 2458288.935208     17.374186      0.022727       1.60754      0.259308     17.114878 
 2458434.630189     17.329151      0.022376       1.60846      0.256576     17.072575 
 2458278.931011     17.364189      0.022648       1.63362      0.097733     17.266456 
 2458255.927150     17.360828      0.022622       1.63816      0.088169     17.272659 
 2458387.718498     17.376623      0.022747       1.66227      0.041699     17.334924 
 2458372.773554     17.371153      0.022703       1.67343      0.023306     17.347847 
 2458361.726673     17.393059      0.022878       1.67693      0.018023     17.375036 
 2458352.889277     17.375843      0.022741       1.68056      0.012800     17.363043 
 2458287.904991     17.391289      0.022864       1.68088      0.012361     17.378927 
 2458363.807425     17.372751      0.022716       1.68657      0.004768     17.367984 
 2458348.861726     17.407335      0.022994       1.69193     -0.001729     17.409064 
 2458275.949323     17.394129      0.022887       1.69202     -0.001833     17.395962 
 2458388.633938     17.370459      0.022698       1.70581     -0.015486     17.385945 
 2458212.007427     17.447880      0.023330       1.71265     -0.020554     17.468434 
 2458246.969819     17.400478      0.022938       1.71899     -0.024198     17.424676 
 2458281.933940     17.402966      0.022959       1.73864     -0.028839     17.431805 
 2458369.793070     17.395197      0.022896        1.7411     -0.028696     17.423892 
 2458230.989254     17.428337      0.023167       1.76193     -0.020904     17.449241 
 2458235.929576     17.430290      0.023183       1.77357     -0.011419     17.441709 
 2458242.948346     17.389461      0.022849       1.77713     -0.007790     17.397251 
 2458324.958609     17.388157      0.022839       1.77745     -0.007441     17.395598 
 2458327.949467     17.480606      0.023610        1.7896      0.007585     17.473021 
 2458301.825769     17.405670      0.022981       1.78961      0.007594     17.398076 
 2458312.873845     17.398930      0.022926       1.79531      0.015960     17.382969 
 2458338.868863     17.412233      0.023034       1.80522      0.032461     17.379772 
 2458428.679341     17.409767      0.023014       1.82167      0.065015     17.344752 
 2458380.851280     17.411354      0.023027       1.82477      0.071843     17.339511 
 2458304.949931     17.437218      0.023241       1.82742      0.077832     17.359386 
 2458316.907513     17.444214      0.023300       1.83101      0.086163     17.358051 
 2458430.630306     17.439875      0.023263       1.83271      0.090205     17.349670 
 2458262.971949     17.419746      0.023096       1.84199      0.113199     17.306548 
 2458298.975622     17.484810      0.023647       1.86012      0.162195     17.322615 
 2458330.947994     17.398308      0.022921       1.86076      0.163999     17.234308 
 2458368.770924     17.410221      0.023018       1.87654      0.209935     17.200286 
 2458384.757373     17.441196      0.023274       1.87889      0.216909     17.224287 
 2458371.761665     17.433155      0.023207       1.88779      0.243608     17.189547 
 2458342.909468     17.449726      0.023346       1.89429      0.263136     17.186590 
 2458379.821135     17.434208      0.023216       1.89867      0.276251     17.157957 
 2458307.948586     17.443222      0.023291       1.89956      0.278921     17.164301 
 2458319.906511     17.447475      0.023327       1.90579      0.297368     17.150108 
 2458344.861037     17.443222      0.023291       1.90998      0.309621     17.133601 
 2458323.936113     17.435675      0.023228       1.91021      0.310278     17.125397 
 2458347.850603     17.433819      0.023213       1.91218      0.315994     17.117824 
 2458290.925407     17.414234      0.023051       1.92045      0.339354     17.074880 
 2458276.889130     17.411831      0.023031       1.92305      0.346488     17.065343 
 2458469.633139     17.450954      0.023356       1.92686      0.356721     17.094234 
 2458294.956466     17.421269      0.023108       1.93608      0.380234     17.041035 
 2458268.964460     17.425369      0.023142       1.94935      0.410325     17.015044 
 2458303.926373     17.443047      0.023290         1.952      0.415711     17.027335 
 2458482.633957     17.500549      0.023784       1.95727      0.425716     17.074833 
 2458274.944211     17.403126      0.022960       1.95853      0.427959     16.975166 
 2458237.904202     17.439751      0.023262       1.96666      0.441066     16.998685 
 2458365.793658     17.611393      0.024806       1.96898      0.444331     17.167062 
 2458375.802374     17.816681      0.026962       1.97767      0.454633     17.362047 
 2458320.956128     17.905842      0.028019       1.98171      0.458335     17.447506 
 2458280.928156     18.481853      0.037077       1.99998      0.465961     18.015893 
